500 0
600 0
700 0
800 62
900 0
1000 0
1100 62
1200 0
1300 0
1400 62
1500 0
1600 62
1700 0
1800 63
1900 0
2000 62
2100 0
2200 62
2300 0
2400 62
2500 0
2600 0
2700 62
2800 62
2900 0
3000 61
3100 62
3200 62
3300 0
3400 62
3500 62
3600 62
3700 62
3800 62
3900 63
4000 62
4100 0
4200 62
4300 62
4400 61
4500 124
4600 62
4700 62
4800 63
4900 62
5000 0
5100 61
5200 62
5300 63
5400 62
5500 124
5600 62
5700 62
5800 125
5900 0
6000 62
6100 125
6200 62
6300 124
6400 62
6500 124
6600 62
6700 125
6800 62
6900 125
7000 125
7100 124
7200 125
7300 125
7400 124
7500 124
7600 125
7700 124
7800 125
7900 186
8000 125
8100 125
8200 124
8300 125
8400 186
8500 125
8600 124
8700 187
8800 125
8900 187
9000 124
9100 187
9200 125
9300 124
9400 187
9500 125
9600 187
9700 124
9800 187
9900 187
10000 125
10100 187
10200 124
10300 187
10400 187
10500 187
10600 187
10700 125
10800 187
10900 187
11000 124
11100 187
11200 187
11300 187
11400 187
11500 187
11600 124
11700 187
11800 250
11900 187
12000 187
12100 187
12200 124
12300 187
12400 249
12500 187
12600 187
12700 250
12800 124
12900 249
13000 187
13100 249
13200 187
13300 249
13400 187
13500 187
13600 249
13700 249
13800 187
13900 249
14000 250
14100 187
14200 187
14300 250
14400 186
14500 249
14600 250
14700 187
14800 249
14900 249
15000 250
15100 186
15200 186
15300 249
15400 250
15500 249
15600 249
15700 250
15800 249
15900 250
16000 249
16100 249
16200 187
16300 250
16400 249
16500 188
16600 312
16700 249
16800 249
16900 187
17000 249
17100 250
17200 249
17300 249
17400 313
17500 186
17600 249
17700 249
17800 312
17900 249
18000 250
18100 311
18200 249
18300 249
18400 312
18500 250
18600 249
18700 312
18800 250
18900 312
19000 311
19100 249
19200 312
19300 250
19400 311
19500 312
19600 249
19700 313
19800 311
19900 312
20000 250
