500 62
600 0
700 62
800 0
900 62
1000 62
1100 62
1200 62
1300 62
1400 124
1500 62
1600 62
1700 62
1800 124
1900 62
2000 124
2100 62
2200 124
2300 62
2400 124
2500 124
2600 124
2700 62
2800 125
2900 125
3000 124
3100 124
3200 187
3300 124
3400 125
3500 187
3600 124
3700 186
3800 125
3900 186
4000 187
4100 124
4200 187
4300 124
4400 187
4500 124
4600 187
4700 187
4800 187
4900 249
5000 187
5100 187
5200 249
5300 187
5400 249
5500 250
5600 187
5700 250
5800 249
5900 249
6000 249
6100 249
6200 249
6300 249
6400 249
6500 249
6600 312
6700 250
6800 249
6900 250
7000 311
7100 312
7200 312
7300 313
7400 312
7500 312
7600 312
7700 312
7800 374
7900 312
8000 312
8100 374
8200 312
8300 373
8400 375
8500 311
8600 313
8700 374
8800 374
8900 312
9000 374
9100 437
9200 374
9300 374
9400 375
9500 374
9600 437
9700 374
9800 436
9900 438
10000 437
10100 436
10200 437
10300 437
10400 437
10500 437
10600 437
10700 500
10800 436
10900 500
11000 437
11100 499
11200 499
11300 437
11400 499
11500 499
11600 562
11700 499
11800 499
11900 499
12000 562
12100 499
12200 499
12300 562
12400 563
12500 499
12600 562
12700 499
12800 561
12900 624
13000 562
13100 562
13200 624
13300 562
13400 624
13500 562
13600 625
13700 623
13800 625
13900 624
14000 623
14100 624
14200 624
14300 562
14400 625
14500 687
14600 624
14700 624
14800 687
14900 624
15000 688
15100 687
15200 686
15300 688
15400 624
15500 749
15600 688
15700 687
15800 687
15900 687
16000 749
16100 687
16200 687
16300 749
16400 749
16500 688
16600 749
16700 749
16800 749
16900 749
17000 812
17100 749
17200 749
17300 749
17400 749
17500 812
17600 749
17700 812
17800 812
17900 812
18000 750
18100 812
18200 812
18300 874
18400 812
18500 812
18600 812
18700 874
18800 749
18900 873
19000 813
19100 874
19200 874
19300 874
19400 812
19500 874
19600 874
19700 936
19800 874
19900 874
20000 875
