500 0
600 0
700 61
800 0
900 0
1000 0
1100 62
1200 0
1300 0
1400 0
1500 0
1600 0
1700 0
1800 62
1900 0
2000 62
2100 0
2200 62
2300 62
2400 62
2500 62
2600 62
2700 62
2800 62
2900 62
3000 62
3100 0
3200 62
3300 62
3400 124
3500 62
3600 62
3700 62
3800 125
3900 61
4000 62
4100 62
4200 124
4300 62
4400 125
4500 62
4600 0
4700 125
4800 62
4900 124
5000 62
5100 124
5200 125
5300 61
5400 125
5500 61
5600 124
5700 125
5800 62
5900 125
6000 124
6100 62
6200 124
6300 124
6400 63
6500 125
6600 62
6700 125
6800 124
6900 125
7000 62
7100 124
7200 125
7300 124
7400 62
7500 124
7600 125
7700 124
7800 124
7900 62
8000 125
8100 187
8200 125
8300 124
8400 124
8500 124
8600 125
8700 124
8800 124
8900 187
9000 125
9100 125
9200 125
9300 125
9400 188
9500 62
9600 125
9700 187
9800 187
9900 124
10000 187
10100 124
10200 187
10300 187
10400 187
10500 125
10600 187
10700 187
10800 124
10900 187
11000 187
11100 125
11200 187
11300 187
11400 125
11500 187
11600 187
11700 187
11800 187
11900 187
12000 187
12100 62
12200 188
12300 186
12400 187
12500 187
12600 249
12700 187
12800 187
12900 187
13000 62
13100 187
13200 187
13300 125
13400 187
13500 187
13600 187
13700 187
13800 249
13900 187
14000 188
14100 249
14200 187
14300 187
14400 249
14500 187
14600 250
14700 187
14800 249
14900 206
15000 167
15100 249
15200 187
15300 250
15400 186
15500 187
15600 249
15700 249
15800 188
15900 249
16000 249
16100 249
16200 188
16300 249
16400 249
16500 250
16600 187
16700 249
16800 249
16900 249
17000 250
17100 187
17200 187
17300 249
17400 312
17500 250
17600 249
17700 249
17800 312
17900 249
18000 249
18100 249
18200 312
18300 187
18400 249
18500 312
18600 249
18700 312
18800 249
18900 187
19000 312
19100 312
19200 249
19300 312
19400 249
19500 312
19600 312
19700 312
19800 249
19900 249
20000 312
