500 0
600 62
700 0
800 0
900 0
1000 62
1100 0
1200 0
1300 0
1400 62
1500 0
1600 0
1700 61
1800 0
1900 0
2000 62
2100 0
2200 0
2300 62
2400 0
2500 62
2600 0
2700 62
2800 0
2900 0
3000 63
3100 0
3200 62
3300 0
3400 0
3500 62
3600 0
3700 63
3800 0
3900 62
4000 61
4100 0
4200 62
4300 62
4400 0
4500 62
4600 0
4700 0
4800 62
4900 61
5000 0
5100 62
5200 62
5300 62
5400 0
5500 62
5600 62
5700 63
5800 62
5900 0
6000 62
6100 61
6200 63
6300 61
6400 124
6500 62
6600 124
6700 62
6800 62
6900 125
7000 62
7100 62
7200 125
7300 62
7400 124
7500 62
7600 124
7700 62
7800 61
7900 62
8000 124
8100 62
8200 125
8300 62
8400 124
8500 125
8600 62
8700 124
8800 62
8900 62
9000 124
9100 125
9200 62
9300 124
9400 125
9500 124
9600 62
9700 125
9800 124
9900 124
10000 125
10100 62
10200 125
10300 124
10400 124
10500 124
10600 125
10700 124
10800 62
10900 124
11000 124
11100 125
11200 124
11300 124
11400 62
11500 187
11600 124
11700 125
11800 124
11900 62
12000 124
12100 125
12200 187
12300 125
12400 124
12500 125
12600 187
12700 124
12800 124
12900 187
13000 124
13100 124
13200 187
13300 124
13400 124
13500 187
13600 124
13700 124
13800 187
13900 62
14000 187
14100 124
14200 187
14300 125
14400 124
14500 187
14600 187
14700 125
14800 124
14900 187
15000 187
15100 125
15200 187
15300 124
15400 124
15500 124
15600 187
15700 187
15800 124
15900 124
16000 124
16100 187
16200 187
16300 124
16400 187
16500 125
16600 187
16700 187
16800 124
16900 187
17000 187
17100 187
17200 187
17300 124
17400 187
17500 187
17600 124
17700 125
17800 125
17900 187
18000 187
18100 187
18200 62
18300 187
18400 187
18500 187
18600 187
18700 187
18800 187
18900 187
19000 249
19100 187
19200 187
19300 187
19400 187
19500 187
19600 187
19700 187
19800 249
19900 125
20000 187
