500 0
600 0
700 62
800 0
900 62
1000 0
1100 0
1200 62
1300 62
1400 0
1500 62
1600 62
1700 62
1800 0
1900 62
2000 62
2100 62
2200 124
2300 62
2400 62
2500 62
2600 125
2700 62
2800 124
2900 62
3000 124
3100 62
3200 124
3300 187
3400 124
3500 187
3600 125
3700 187
3800 125
3900 187
4000 187
4100 124
4200 187
4300 187
4400 187
4500 250
4600 187
4700 187
4800 187
4900 249
5000 187
5100 249
5200 187
5300 249
5400 249
5500 250
5600 187
5700 249
5800 249
5900 249
6000 250
6100 249
6200 312
6300 249
6400 312
6500 249
6600 312
6700 312
6800 312
6900 312
7000 312
7100 312
7200 312
7300 312
7400 374
7500 312
7600 312
7700 374
7800 312
7900 374
8000 374
8100 374
8200 374
8300 312
8400 374
8500 375
8600 437
8700 374
8800 374
8900 437
9000 374
9100 437
9200 374
9300 437
9400 437
9500 374
9600 437
9700 438
9800 436
9900 438
10000 436
10100 499
10200 374
10300 499
10400 437
10500 499
10600 499
10700 499
10800 437
10900 499
11000 499
11100 499
11200 562
11300 500
11400 562
11500 500
11600 499
11700 563
11800 562
11900 562
12000 562
12100 561
12200 563
12300 624
12400 561
12500 624
12600 563
12700 624
12800 563
12900 624
13000 623
13100 562
13200 562
13300 624
13400 624
13500 624
13600 624
13700 624
13800 687
13900 624
14000 687
14100 624
14200 624
14300 625
14400 687
14500 687
14600 687
14700 686
14800 687
14900 687
15000 687
15100 687
15200 749
15300 686
15400 749
15500 749
15600 687
15700 749
15800 749
15900 687
16000 749
16100 749
16200 812
16300 749
16400 749
16500 750
16600 749
16700 749
16800 749
16900 812
17000 812
17100 749
17200 811
17300 812
17400 812
17500 749
17600 812
17700 749
17800 749
17900 812
18000 812
18100 812
18200 875
18300 821
18400 865
18500 875
18600 874
18700 812
18800 874
18900 937
19000 874
19100 874
19200 873
19300 937
19400 874
19500 937
19600 874
19700 937
19800 937
19900 874
20000 937
