500 0
600 0
700 62
800 0
900 62
1000 0
1100 62
1200 0
1300 62
1400 0
1500 62
1600 62
1700 62
1800 62
1900 125
2000 62
2100 62
2200 61
2300 62
2400 63
2500 124
2600 62
2700 125
2800 124
2900 124
3000 125
3100 124
3200 125
3300 125
3400 124
3500 187
3600 125
3700 188
3800 125
3900 186
4000 125
4100 186
4200 188
4300 186
4400 188
4500 186
4600 187
4700 188
4800 187
4900 249
5000 187
5100 250
5200 124
5300 250
5400 250
5500 249
5600 250
5700 249
5800 249
5900 249
6000 250
6100 186
6200 313
6300 249
6400 249
6500 313
6600 311
6700 312
6800 312
6900 312
7000 312
7100 374
7200 312
7300 312
7400 374
7500 374
7600 313
7700 374
7800 374
7900 374
8000 437
8100 374
8200 375
8300 374
8400 437
8500 437
8600 437
8700 437
8800 437
8900 437
9000 437
9100 499
9200 437
9300 437
9400 499
9500 374
9600 499
9700 499
9800 499
9900 499
10000 500
10100 498
10200 438
10300 499
10400 563
10500 499
10600 565
10700 558
10800 499
10900 563
11000 624
11100 561
11200 562
11300 624
11400 563
11500 623
11600 563
11700 624
11800 624
11900 624
12000 625
12100 623
12200 688
12300 624
12400 686
12500 624
12600 687
12700 624
12800 688
12900 687
13000 686
13100 688
13200 687
13300 748
13400 688
13500 748
13600 687
13700 687
13800 749
13900 749
14000 749
14100 749
14200 749
14300 749
14400 749
14500 749
14600 812
14700 749
14800 812
14900 749
15000 812
15100 749
15200 812
15300 749
15400 812
15500 812
15600 812
15700 874
15800 812
15900 812
16000 812
16100 874
16200 749
16300 875
16400 874
16500 812
16600 874
16700 874
16800 873
16900 875
17000 874
17100 937
17200 874
17300 874
17400 874
17500 936
17600 937
17700 937
17800 937
17900 937
18000 937
18100 937
18200 999
18300 937
18400 937
18500 1000
18600 998
18700 937
18800 999
18900 1000
19000 999
19100 999
19200 998
19300 1062
19400 999
19500 999
19600 1062
19700 999
19800 1062
19900 1061
20000 1000
