500 0
600 62
700 0
800 0
900 62
1000 0
1100 62
1200 0
1300 62
1400 62
1500 62
1600 62
1700 62
1800 62
1900 62
2000 62
2100 62
2200 0
2300 62
2400 125
2500 62
2600 124
2700 62
2800 124
2900 125
3000 62
3100 125
3200 125
3300 124
3400 187
3500 124
3600 124
3700 125
3800 188
3900 124
4000 125
4100 186
4200 187
4300 124
4400 188
4500 187
4600 187
4700 186
4800 188
4900 187
5000 187
5100 186
5200 187
5300 250
5400 249
5500 249
5600 249
5700 250
5800 312
5900 249
6000 313
6100 311
6200 249
6300 312
6400 312
6500 313
6600 311
6700 312
6800 313
6900 312
7000 374
7100 312
7200 312
7300 374
7400 375
7500 311
7600 375
7700 374
7800 375
7900 374
8000 374
8100 374
8200 375
8300 374
8400 437
8500 437
8600 374
8700 437
8800 437
8900 374
9000 437
9100 437
9200 437
9300 374
9400 437
9500 499
9600 437
9700 437
9800 499
9900 437
10000 499
10100 437
10200 499
10300 499
10400 499
10500 374
10600 499
10700 562
10800 499
10900 562
11000 499
11100 562
11200 562
11300 562
11400 563
11500 498
11600 562
11700 624
11800 499
11900 624
12000 687
12100 687
12200 624
12300 624
12400 687
12500 624
12600 687
12700 624
12800 687
12900 687
13000 687
13100 624
13200 687
13300 687
13400 687
13500 687
13600 687
13700 624
13800 749
13900 687
14000 749
14100 687
14200 687
14300 687
14400 749
14500 749
14600 687
14700 687
14800 687
14900 749
15000 749
15100 749
15200 749
15300 749
15400 749
15500 812
15600 749
15700 812
15800 812
15900 812
16000 750
16100 812
16200 812
16300 812
16400 812
16500 812
16600 812
16700 874
16800 812
16900 812
17000 874
17100 749
17200 874
17300 936
17400 874
17500 937
17600 937
17700 937
17800 874
17900 937
18000 999
18100 937
18200 937
18300 937
18400 999
18500 937
18600 937
18700 937
18800 937
18900 999
19000 937
19100 999
19200 937
19300 937
19400 999
19500 999
19600 937
19700 999
19800 999
19900 999
20000 999
