500 0
600 0
700 0
800 62
900 0
1000 0
1100 0
1200 62
1300 0
1400 0
1500 62
1600 0
1700 62
1800 0
1900 0
2000 62
2100 0
2200 62
2300 0
2400 62
2500 0
2600 63
2700 62
2800 0
2900 62
3000 0
3100 62
3200 61
3300 63
3400 0
3500 62
3600 62
3700 0
3800 62
3900 62
4000 62
4100 62
4200 61
4300 0
4400 62
4500 62
4600 63
4700 125
4800 62
4900 124
5000 62
5100 125
5200 0
5300 124
5400 62
5500 125
5600 63
5700 125
5800 124
5900 62
6000 124
6100 124
6200 124
6300 62
6400 125
6500 125
6600 125
6700 62
6800 124
6900 125
7000 125
7100 124
7200 125
7300 125
7400 124
7500 124
7600 125
7700 124
7800 125
7900 124
8000 125
8100 125
8200 125
8300 125
8400 62
8500 61
8600 188
8700 125
8800 125
8900 124
9000 187
9100 124
9200 125
9300 187
9400 124
9500 124
9600 188
9700 125
9800 187
9900 125
10000 187
10100 124
10200 187
10300 124
10400 187
10500 125
10600 187
10700 186
10800 125
10900 187
11000 187
11100 187
11200 124
11300 187
11400 187
11500 187
11600 187
11700 187
11800 187
11900 187
12000 124
12100 124
12200 187
12300 187
12400 187
12500 187
12600 249
12700 187
12800 187
12900 187
13000 249
13100 187
13200 187
13300 249
13400 187
13500 187
13600 249
13700 187
13800 249
13900 187
14000 187
14100 249
14200 187
14300 249
14400 187
14500 249
14600 249
14700 124
14800 249
14900 249
15000 187
15100 249
15200 187
15300 187
15400 249
15500 249
15600 250
15700 249
15800 249
15900 249
16000 187
16100 187
16200 249
16300 249
16400 249
16500 249
16600 249
16700 249
16800 187
16900 249
17000 249
17100 249
17200 249
17300 312
17400 250
17500 187
17600 249
17700 249
17800 249
17900 312
18000 249
18100 249
18200 312
18300 249
18400 249
18500 249
18600 312
18700 249
18800 312
18900 187
19000 249
19100 249
19200 249
19300 312
19400 249
19500 312
19600 312
19700 249
19800 312
19900 249
20000 312
