500 0
600 0
700 0
800 0
900 0
1000 62
1100 62
1200 0
1300 62
1400 62
1500 0
1600 62
1700 62
1800 0
1900 62
2000 62
2100 62
2200 0
2300 62
2400 62
2500 0
2600 62
2700 62
2800 62
2900 0
3000 0
3100 62
3200 62
3300 62
3400 62
3500 0
3600 62
3700 62
3800 62
3900 62
4000 62
4100 62
4200 62
4300 62
4400 0
4500 62
4600 62
4700 62
4800 62
4900 62
5000 0
5100 62
5200 62
5300 62
5400 62
5500 0
5600 62
5700 62
5800 62
5900 62
6000 62
6100 62
6200 62
6300 62
6400 62
6500 62
6600 62
6700 62
6800 125
6900 0
7000 62
7100 62
7200 62
7300 62
7400 125
7500 62
7600 62
7700 62
7800 62
7900 125
8000 62
8100 0
8200 62
8300 124
8400 62
8500 62
8600 124
8700 62
8800 62
8900 125
9000 62
9100 62
9200 124
9300 62
9400 62
9500 124
9600 62
9700 124
9800 62
9900 62
10000 124
10100 62
10200 125
10300 62
10400 125
10500 62
10600 124
10700 62
10800 124
10900 62
11000 62
11100 62
11200 124
11300 62
11400 124
11500 62
11600 124
11700 62
11800 124
11900 124
12000 63
12100 124
12200 63
12300 61
12400 124
12500 62
12600 125
12700 62
12800 124
12900 125
13000 124
13100 62
13200 125
13300 124
13400 125
13500 62
13600 62
13700 63
13800 125
13900 125
14000 125
14100 124
14200 124
14300 124
14400 62
14500 125
14600 124
14700 124
14800 125
14900 124
15000 125
15100 124
15200 124
15300 125
15400 63
15500 125
15600 124
15700 124
15800 125
15900 125
16000 124
16100 124
16200 124
16300 62
16400 125
16500 125
16600 125
16700 125
16800 124
16900 124
17000 188
17100 124
17200 124
17300 125
17400 125
17500 187
17600 124
17700 124
17800 124
17900 125
18000 125
18100 124
18200 124
18300 187
18400 124
18500 125
18600 187
18700 124
18800 125
18900 187
19000 124
19100 124
19200 187
19300 125
19400 125
19500 187
19600 125
19700 187
19800 124
19900 124
20000 124
