500 0
600 0
700 62
800 0
900 0
1000 0
1100 0
1200 0
1300 62
1400 0
1500 0
1600 0
1700 0
1800 0
1900 0
2000 62
2100 0
2200 0
2300 0
2400 62
2500 0
2600 62
2700 0
2800 0
2900 0
3000 0
3100 62
3200 0
3300 0
3400 62
3500 0
3600 62
3700 0
3800 62
3900 62
4000 62
4100 62
4200 0
4300 62
4400 62
4500 62
4600 62
4700 62
4800 62
4900 62
5000 62
5100 62
5200 62
5300 124
5400 62
5500 62
5600 62
5700 62
5800 124
5900 62
6000 62
6100 62
6200 62
6300 62
6400 125
6500 62
6600 62
6700 62
6800 124
6900 62
7000 62
7100 125
7200 62
7300 62
7400 124
7500 62
7600 62
7700 124
7800 0
7900 62
8000 125
8100 62
8200 124
8300 62
8400 125
8500 62
8600 125
8700 62
8800 124
8900 62
9000 124
9100 62
9200 125
9300 125
9400 62
9500 124
9600 62
9700 125
9800 125
9900 62
10000 125
10100 124
10200 125
10300 62
10400 62
10500 124
10600 62
10700 124
10800 63
10900 125
11000 125
11100 124
11200 62
11300 125
11400 124
11500 125
11600 124
11700 124
11800 124
11900 124
12000 125
12100 124
12200 62
12300 125
12400 125
12500 125
12600 124
12700 124
12800 125
12900 125
13000 125
13100 186
13200 125
13300 62
13400 187
13500 124
13600 124
13700 124
13800 125
13900 124
14000 124
14100 187
14200 124
14300 124
14400 125
14500 125
14600 187
14700 124
14800 187
14900 124
15000 124
15100 187
15200 124
15300 125
15400 187
15500 124
15600 125
15700 187
15800 124
15900 124
16000 124
16100 187
16200 125
16300 187
16400 125
16500 187
16600 125
16700 187
16800 124
16900 187
17000 125
17100 187
17200 125
17300 187
17400 62
17500 187
17600 187
17700 124
17800 187
17900 187
18000 124
18100 187
18200 187
18300 124
18400 124
18500 124
18600 187
18700 187
18800 187
18900 187
19000 187
19100 124
19200 187
19300 187
19400 187
19500 187
19600 125
19700 125
19800 187
19900 187
20000 187
