500 0
600 0
700 0
800 0
900 0
1000 0
1100 0
1200 0
1300 0
1400 0
1500 62
1600 62
1700 0
1800 62
1900 62
2000 62
2100 0
2200 62
2300 62
2400 62
2500 0
2600 62
2700 62
2800 62
2900 62
3000 62
3100 0
3200 0
3300 62
3400 62
3500 62
3600 62
3700 62
3800 62
3900 0
4000 62
4100 62
4200 62
4300 62
4400 62
4500 62
4600 62
4700 0
4800 0
4900 62
5000 62
5100 62
5200 62
5300 62
5400 62
5500 62
5600 0
5700 62
5800 62
5900 124
6000 62
6100 62
6200 62
6300 62
6400 0
6500 62
6600 124
6700 62
6800 62
6900 0
7000 62
7100 62
7200 62
7300 62
7400 124
7500 62
7600 62
7700 125
7800 62
7900 62
8000 124
8100 62
8200 62
8300 124
8400 62
8500 62
8600 124
8700 62
8800 125
8900 62
9000 62
9100 124
9200 62
9300 62
9400 62
9500 125
9600 62
9700 124
9800 62
9900 125
10000 124
10100 0
10200 124
10300 62
10400 125
10500 61
10600 125
10700 124
10800 124
10900 62
11000 124
11100 125
11200 124
11300 124
11400 62
11500 124
11600 124
11700 62
11800 124
11900 62
12000 63
12100 124
12200 125
12300 124
12400 124
12500 124
12600 62
12700 125
12800 125
12900 124
13000 124
13100 124
13200 125
13300 124
13400 125
13500 125
13600 124
13700 125
13800 125
13900 125
14000 124
14100 124
14200 125
14300 125
14400 125
14500 124
14600 187
14700 125
14800 124
14900 125
15000 125
15100 124
15200 124
15300 187
15400 125
15500 124
15600 125
15700 125
15800 187
15900 125
16000 124
16100 124
16200 187
16300 125
16400 125
16500 124
16600 187
16700 124
16800 124
16900 187
17000 124
17100 124
17200 125
17300 124
17400 62
17500 187
17600 125
17700 187
17800 124
17900 187
18000 124
18100 187
18200 187
18300 125
18400 187
18500 124
18600 187
18700 62
18800 124
18900 124
19000 187
19100 124
19200 125
19300 187
19400 187
19500 62
19600 187
19700 125
19800 187
19900 187
20000 62
