500 62
600 0
700 62
800 0
900 62
1000 61
1100 62
1200 62
1300 62
1400 62
1500 62
1600 62
1700 0
1800 63
1900 62
2000 62
2100 62
2200 0
2300 62
2400 62
2500 62
2600 62
2700 124
2800 62
2900 125
3000 62
3100 124
3200 62
3300 61
3400 124
3500 62
3600 63
3700 124
3800 62
3900 124
4000 62
4100 125
4200 62
4300 124
4400 125
4500 124
4600 62
4700 124
4800 125
4900 62
5000 124
5100 124
5200 125
5300 124
5400 125
5500 125
5600 124
5700 187
5800 125
5900 125
6000 187
6100 125
6200 186
6300 188
6400 124
6500 125
6600 124
6700 124
6800 124
6900 124
7000 125
7100 124
7200 187
7300 124
7400 124
7500 124
7600 124
7700 124
7800 187
7900 124
8000 187
8100 124
8200 187
8300 187
8400 125
8500 187
8600 187
8700 187
8800 187
8900 187
9000 187
9100 187
9200 187
9300 187
9400 249
9500 187
9600 187
9700 187
9800 187
9900 187
10000 249
10100 187
10200 249
10300 187
10400 249
10500 249
10600 187
10700 249
10800 249
10900 249
11000 249
11100 124
11200 249
11300 249
11400 249
11500 249
11600 249
11700 249
11800 249
11900 249
12000 249
12100 312
12200 249
12300 312
12400 312
12500 249
12600 312
12700 312
12800 312
12900 187
13000 249
13100 187
13200 249
13300 249
13400 187
13500 249
13600 249
13700 249
13800 187
13900 250
14000 249
14100 249
14200 249
14300 249
14400 249
14500 249
14600 249
14700 250
14800 250
14900 312
15000 249
15100 249
15200 249
15300 312
15400 249
15500 312
15600 249
15700 312
15800 249
15900 312
16000 250
16100 312
16200 312
16300 187
16400 312
16500 312
16600 313
16700 312
16800 312
16900 249
17000 249
17100 374
17200 250
17300 312
17400 312
17500 311
17600 313
17700 374
17800 249
17900 374
18000 312
18100 374
18200 313
18300 374
18400 374
18500 312
18600 375
18700 374
18800 374
18900 375
19000 374
19100 374
19200 375
19300 374
19400 375
19500 374
19600 437
19700 375
19800 374
19900 437
20000 312
