500 0
600 62
700 0
800 62
900 0
1000 62
1100 0
1200 62
1300 62
1400 62
1500 62
1600 62
1700 62
1800 62
1900 62
2000 62
2100 124
2200 62
2300 125
2400 62
2500 125
2600 124
2700 125
2800 124
2900 124
3000 125
3100 124
3200 124
3300 187
3400 124
3500 187
3600 124
3700 187
3800 187
3900 187
4000 125
4100 249
4200 187
4300 187
4400 187
4500 249
4600 249
4700 187
4800 250
4900 249
5000 249
5100 250
5200 250
5300 249
5400 312
5500 249
5600 312
5700 312
5800 249
5900 312
6000 249
6100 312
6200 312
6300 312
6400 249
6500 312
6600 312
6700 312
6800 374
6900 374
7000 312
7100 374
7200 374
7300 375
7400 374
7500 374
7600 374
7700 374
7800 437
7900 374
8000 437
8100 374
8200 437
8300 437
8400 374
8500 437
8600 499
8700 437
8800 437
8900 437
9000 499
9100 499
9200 437
9300 499
9400 499
9500 499
9600 562
9700 499
9800 499
9900 562
10000 499
10100 562
10200 499
10300 499
10400 562
10500 562
10600 624
10700 562
10800 624
10900 562
11000 624
11100 624
11200 624
11300 562
11400 687
11500 624
11600 624
11700 687
11800 687
11900 624
12000 687
12100 687
12200 687
12300 687
12400 687
12500 687
12600 687
12700 687
12800 687
12900 749
13000 749
13100 687
13200 749
13300 749
13400 749
13500 687
13600 749
13700 750
13800 686
13900 749
14000 813
14100 748
14200 812
14300 749
14400 812
14500 812
14600 812
14700 749
14800 813
14900 812
15000 811
15100 812
15200 874
15300 874
15400 874
15500 874
15600 874
15700 874
15800 874
15900 937
16000 937
16100 936
16200 812
16300 937
16400 937
16500 938
16600 998
16700 937
16800 999
16900 937
17000 998
17100 1000
17200 999
17300 999
17400 999
17500 999
17600 999
17700 1062
17800 998
17900 999
18000 1062
18100 1062
18200 1062
18300 1062
18400 1062
18500 1123
18600 1062
18700 1124
18800 1062
18900 1124
19000 1062
19100 1186
19200 1124
19300 1124
19400 1187
19500 1124
19600 1187
19700 1187
19800 1124
19900 1187
20000 1187
