500 62
600 0
700 0
800 62
900 0
1000 0
1100 61
1200 0
1300 62
1400 0
1500 62
1600 0
1700 63
1800 0
1900 62
2000 62
2100 0
2200 62
2300 62
2400 0
2500 62
2600 62
2700 62
2800 62
2900 61
3000 0
3100 62
3200 62
3300 62
3400 62
3500 62
3600 63
3700 62
3800 62
3900 62
4000 62
4100 62
4200 62
4300 125
4400 62
4500 62
4600 62
4700 62
4800 125
4900 62
5000 62
5100 124
5200 62
5300 124
5400 62
5500 62
5600 125
5700 62
5800 124
5900 124
6000 0
6100 125
6200 124
6300 62
6400 125
6500 124
6600 124
6700 62
6800 124
6900 125
7000 124
7100 124
7200 124
7300 124
7400 62
7500 124
7600 124
7700 125
7800 124
7900 124
8000 125
8100 125
8200 124
8300 62
8400 125
8500 124
8600 124
8700 125
8800 124
8900 187
9000 125
9100 124
9200 125
9300 187
9400 124
9500 187
9600 187
9700 125
9800 124
9900 187
10000 187
10100 187
10200 124
10300 187
10400 187
10500 250
10600 187
10700 187
10800 249
10900 187
11000 187
11100 249
11200 187
11300 187
11400 249
11500 187
11600 249
11700 187
11800 249
11900 187
12000 249
12100 187
12200 249
12300 187
12400 249
12500 249
12600 249
12700 187
12800 250
12900 249
13000 249
13100 187
13200 249
13300 249
13400 249
13500 249
13600 249
13700 249
13800 125
13900 249
14000 249
14100 249
14200 249
14300 249
14400 250
14500 249
14600 249
14700 250
14800 249
14900 249
15000 312
15100 249
15200 249
15300 249
15400 249
15500 249
15600 312
15700 249
15800 249
15900 249
16000 249
16100 312
16200 249
16300 124
16400 250
16500 249
16600 312
16700 249
16800 312
16900 312
17000 250
17100 312
17200 312
17300 311
17400 249
17500 187
17600 312
17700 249
17800 312
17900 312
18000 249
18100 313
18200 311
18300 312
18400 249
18500 312
18600 249
18700 249
18800 312
18900 249
19000 374
19100 313
19200 312
19300 374
19400 311
19500 313
19600 311
19700 375
19800 311
19900 312
20000 374
