500 0
600 0
700 62
800 0
900 0
1000 62
1100 0
1200 0
1300 0
1400 0
1500 62
1600 0
1700 0
1800 63
1900 0
2000 62
2100 0
2200 62
2300 0
2400 62
2500 0
2600 62
2700 62
2800 0
2900 61
3000 62
3100 62
3200 0
3300 62
3400 62
3500 62
3600 0
3700 0
3800 62
3900 63
4000 62
4100 0
4200 62
4300 61
4400 62
4500 62
4600 62
4700 62
4800 62
4900 63
5000 0
5100 62
5200 124
5300 62
5400 62
5500 62
5600 62
5700 62
5800 125
5900 62
6000 62
6100 62
6200 124
6300 62
6400 62
6500 62
6600 125
6700 62
6800 61
6900 125
7000 62
7100 0
7200 124
7300 62
7400 62
7500 125
7600 61
7700 124
7800 62
7900 0
8000 124
8100 63
8200 124
8300 62
8400 124
8500 62
8600 125
8700 125
8800 125
8900 125
9000 124
9100 124
9200 62
9300 125
9400 125
9500 125
9600 124
9700 187
9800 124
9900 125
10000 125
10100 187
10200 124
10300 62
10400 187
10500 124
10600 187
10700 124
10800 124
10900 124
11000 187
11100 187
11200 124
11300 187
11400 187
11500 124
11600 187
11700 187
11800 187
11900 187
12000 187
12100 124
12200 187
12300 187
12400 187
12500 187
12600 187
12700 187
12800 187
12900 187
13000 187
13100 187
13200 187
13300 125
13400 187
13500 187
13600 187
13700 187
13800 187
13900 187
14000 187
14100 187
14200 187
14300 187
14400 249
14500 187
14600 187
14700 187
14800 187
14900 187
15000 187
15100 187
15200 187
15300 187
15400 187
15500 187
15600 187
15700 187
15800 187
15900 187
16000 249
16100 187
16200 187
16300 187
16400 187
16500 249
16600 187
16700 187
16800 249
16900 187
17000 187
17100 249
17200 187
17300 249
17400 187
17500 250
17600 187
17700 249
17800 250
17900 187
18000 249
18100 187
18200 249
18300 249
18400 188
18500 187
18600 249
18700 249
18800 250
18900 249
19000 249
19100 250
19200 249
19300 250
19400 249
19500 249
19600 249
19700 249
19800 250
19900 312
20000 249
